BGRI:BGRI:100099|2025-05-27 20:14:34.233770|2028-02-21 20:14:34.233667
BGRI:FB2BAD4D858740DE|2025-08-19 18:59:16.821360|2028-09-03 18:59:16.821309
HACKER:FB2BAD4D858740DE|2025-08-25 18:48:21.935555|2028-05-20 18:48:21.935482
BGRI:87CE463A4F3E1E3F|2025-09-22 23:40:20.283326|2025-10-22 23:40:20.282852
BGRI:7B9260E07202F761|2025-10-15 00:14:51.780335|2025-11-14 00:14:51.780272
HACKER:8225FF0BD4DC714E|2025-10-15 07:53:27.220029|2025-10-22 07:53:27.219727
HACKER:9589CA83A47ED534|2025-10-15 15:40:39.415949|2025-10-22 15:40:39.415894
BGRI:846BA0E5EE34998A|2025-10-16 15:45:54.833395|2027-02-28 15:45:54.833278
HACKER:6F51FD289C3135D1|2025-10-17 14:27:26.620288|2025-11-16 14:27:26.620246
BGRI:914498EF90669BEC|2025-10-20 01:16:56.016724|2025-11-04 01:16:56.016648